2700;;
2696;;
2692;;
2688;;
2686;;
2681;;
2679;;
2674;;
2673;;
2669;;
2664;;
2661;;
2659;;
2655;;
2651;;
2649;;
2645;;
2642;;
2639;;
2637;;
2632;;
2630;;
2626;;
2622;;
2620;;
2616;;
2612;;
2608;;
2606;;
2603;;
2599;;
2595;;
2592;;
2589;;
2586;;
2583;;
2578;;
2575;;
2572;;
2569;;
2564;;
2562;;
2557;;
2554;;
2552;;
2549;;
2545;;
2542;;
2539;;
2537;;
2534;;
2530;;
2526;;
2524;;
2520;;
2517;;
2513;;
2510;;
2506;;
2504;;
2499;;
2497;;
2493;;
2488;;
2483;;
2482;;
2479;;
2476;;
2475;;
2470;;
2467;;
2463;;
2461;;
2459;;
2455;;
2451;;
2447;;
2443;;
2440;;
2437;;
2432;;
2430;;
2427;;
2423;;
2422;;
2417;;
2414;;
2410;;
2408;;
2406;;
2403;;
2400;;
2397;;
2394;;
2391;;
2390;;
2386;;
2382;;
2379;;
2378;;
2375;;
2370;;
2367;;
2365;;
2361;;
2359;;
2354;;
2352;;
2349;;
2346;;
2345;;
2340;;
2337;;
2333;;
2330;;
2326;;
2324;;
2323;;
2320;;
2318;;
2314;;
2312;;
2310;;
2307;;
2303;;
2300;;
2298;;
2294;;
2291;;
2290;;
2284;;
2281;;
2270;;
2275;;
2273;;
2271;;
2269;;
2263;;
2261;;
2258;;
2255;;
2252;;
2249;;
2247;;
2244;;
2242;;
2239;;
2237;;
2234;;
2231;;
2229;;
2226;;
2222;;
2220;;
2217;;
2215;;
2212;;
2208;;
2207;;
2204;;
2201;;
2195;;
2193;;
2193;;
2190;;
2187;;
2185;;
2183;;
2189;;
2175;;
2173;;
2169;;
2169;;
2166;;
2164;;
2162;;
2158;;
2157;;
2155;;
2153;;
2149;;
2145;;
2141;;
2139;;
2136;;
2134;;
2133;;
2129;;
2126;;
2120;;
2120;;
2117;;
2115;;
2114;;
2111;;
2109;;
2105;;
2105;;
2100;;
2096;;
2095;;
2092;;
2091;;
2088;;
2087;;
2082;;
2081;;
2076;;
2073;;
2073;;
2071;;
2070;;
2066;;
2064;;
2062;;
2061;;
2057;;
2056;;
2054;;
2050;;
2048;;
2046;;
2043;;
2040;;
2040;;
2035;;
2032;;
2030;;
2025;;
2025;;
2023;;
2021;;
2018;;
2015;;
2012;;
2010;;
2007;;
2005;;
2002;;
2000;;
1997;;
2000;;
1996;;
1993;;
1990;;
1987;;
1984;;
1983;;
1979;;
1977;;
1975;;
1973;;
1971;;
1967;;
1965;;
1963;;
1961;;
1958;;
1956;;
1953;;
1952;;
1948;;
1947;;
1945;;
1943;;
1940;;
1938;;
1935;;
1933;;
1931;;
1929;;
1926;;
1924;;
1922;;
1920;;
1919;;
1916;;
1913;;
1911;;
1909;;
1906;;
1904;;
1903;;
1901;;
1897;;
1895;;
1893;;
1892;;
1889;;
1888;;
1884;;
1882;;
1881;;
1878;;
1875;;
1873;;
1871;;
1868;;
1866;;
1864;;
1862;;
1860;;
1858;;
1855;;
1854;;
1851;;
1849;;
1847;;
1845;;
1841;;
1840;;
1838;;
1835;;
1832;;
1832;;
1831;;
1829;;
1826;;
1824;;
1822;;
1820;;
1817;;
1816;;
1814;;
1812;;
1810;;
1808;;
1806;;
1804;;
1802;;
1801;;
1797;;
1795;;
1793;;
1791;;
1790;;
1787;;
1785;;
1784;;
1781;;
1780;;
1778;;
1775;;
1773;;
1771;;
1769;;
1767;;
1765;;
1763;;
1761;;
1759;;
1757;;
1755;;
1753;;
1751;;
1748;;
1747;;
1745;;
1743;;
1741;;
1739;;
1737;;
1735;;
1733;;
1730;;
1729;;
1727;;
1725;;
1723;;
1721;;
1719;;
1717;;
1715;;
1713;;
1711;;
1711;;
1707;;
1705;;
1703;;
1701;;
1700;;
1697;;
1695;;
1693;;
1691;;
1690;;
1688;;
1686;;
1684;;
1683;;
1680;;
1679;;
1677;;
1675;;
1673;;
1671;;
1669;;
1667;;
1666;;
1663;;
1662;;
1660;;
1657;;
1656;;
1655;;
1653;;
1651;;
1649;;
1647;;
1645;;
1643;;
1641;;
1640;;
1638;;
1637;;
1635;;
1633;;
1631;;
1629;;
1627;;
1626;;
1624;;
1622;;
1620;;
1618;;
1617;;
1615;;
1613;;
1612;;
1610;;
1608;;
1606;;
1604;;
1603;;
1600;;
1599;;
1597;;
1595;;
1594;;
1592;;
1591;;
1588;;
1587;;
1585;;
1583;;
1582;;
1580;;
1578;;
1576;;
1575;;
1573;;
1572;;
1570;;
1569;;
1566;;
1564;;
1563;;
1561;;
1560;;
1558;;
1556;;
1555;;
1553;;
1552;;
1550;;
1549;;
1547;;
1545;;
1543;;
1542;;
1540;;
1538;;
1536;;
1535;;
1534;;
1532;;
1530;;
1529;;
1527;;
1525;;
1523;;
1522;;
1520;;
1519;;
1517;;
1515;;
1514;;
1512;;
1510;;
1509;;
1507;;
1506;;
1504;;
1503;;
1501;;
1499;;
1498;;
1496;;
1493;;
1492;;
1491;;
1490;;
1488;;
1487;;
1486;;
1484;;
1482;;
1481;;
1479;;
1478;;
1476;;
1474;;
1473;;
1471;;
1470;;
1468;;
1467;;
1464;;
1463;;
1462;;
1461;;
1459;;
1457;;
1456;;
1454;;
1452;;
1451;;
1450;;
1448;;
1447;;
1446;;
1444;;
1442;;
1441;;
1440;;
1438;;
1435;;
1435;;
1434;;
1432;;
1431;;
1429;;
1427;;
1426;;
1424;;
1423;;
1421;;
1420;;
1419;;
1417;;
1416;;
1414;;
1413;;
1412;;
1411;;
1409;;
1407;;
1406;;
1404;;
1403;;
1401;;
1400;;
1399;;
1397;;
1396;;
1394;;
1393;;
1391;;
1390;;
1388;;
1387;;
1386;;
1383;;
1383;;
1381;;
1380;;
1378;;
1377;;
1376;;
1375;;
1373;;
1372;;
1371;;
1369;;
1368;;
1366;;
1365;;
1363;;
1362;;
1361;;
1360;;
1358;;
1356;;
1355;;
1354;;
1352;;
1351;;
1348;;
1347;;
1346;;
1345;;
1343;;
1342;;
1340;;
1339;;
1337;;
1336;;
1334;;
1333;;
1332;;
1330;;
1329;;
1328;;
1325;;
1325;;
1324;;
1322;;
1321;;
1319;;
1317;;
1317;;
1316;;
1314;;
1312;;
1311;;
1310;;
1308;;
1307;;
1306;;
1304;;
1303;;
1302;;
1300;;
1299;;
1298;;
1296;;
1294;;
1293;;
1292;;
1291;;
1290;;
1289;;
1287;;
1286;;
1285;;
1284;;
1282;;
1280;;
1279;;
1278;;
1277;;
1276;;
1275;;
1274;;
1272;;
1271;;
1270;;
1269;;
1267;;
1265;;
1264;;
1263;;
1262;;
1261;;
1259;;
1258;;
1257;;
1256;;
1255;;
1253;;
1252;;
1251;;
1250;;
1249;;
1247;;
1246;;
1245;;
1244;;
1243;;
1242;;
1240;;
1239;;
1237;;
1237;;
1235;;
1234;;
1233;;
1231;;
1230;;
1229;;
1228;;
1227;;
1226;;
1225;;
1224;;
1222;;
1221;;
1220;;
1219;;
1218;;
1217;;
1215;;
1213;;
1212;;
1211;;
1211;;
1209;;
1208;;
1207;;
1206;;
1205;;
1204;;
1202;;
1201;;
1200;;
1199;;
1198;;
1197;;
1195;;
1194;;
1193;;
1192;;
1190;;
1190;;
1188;;
1187;;
1186;;
1185;;
1184;;
1183;;
1182;;
1181;;
1180;;
1178;;
1177;;
1176;;
1175;;
1174;;
1172;;
1171;;
1170;;
1169;;
1168;;
1167;;
1166;;
1165;;
1164;;
1163;;
1162;;
1161;;
1159;;
1158;;
1157;;
1156;;
1155;;
1154;;
1153;;
1152;;
1151;;
1149;;
1148;;
1147;;
1146;;
1145;;
1144;;
1143;;
1142;;
1141;;
1139;;
1138;;
1137;;
1137;;
1136;;
1135;;
1134;;
1133;;
1131;;
1130;;
1129;;
1128;;
1127;;
1126;;
1125;;
1124;;
1123;;
1121;;
1120;;
1120;;
1119;;
1118;;
1117;;
1115;;
1114;;
1113;;
1112;;
1111;;
1110;;
1109;;
1108;;
1107;;
1106;;
1105;;
1104;;
1103;;
1102;;
1100;;
1099;;
1098;;
1097;;
1096;;
1096;;
1095;;
1094;;
1093;;
1092;;
1091;;
1090;;
1089;;
1087;;
1086;;
1086;;
1085;;
1084;;
1083;;
1082;;
1081;;
1079;;
1079;;
1078;;
1077;;
1076;;
1075;;
1074;;
1073;;
1072;;
1072;;
1070;;
1069;;
1068;;
1067;;
1066;;
1065;;
1064;;
1063;;
1062;;
1061;;
1061;;
1059;;
1058;;
1057;;
1056;;
1055;;
1054;;
1053;;
1053;;
1052;;
1051;;
1050;;
1049;;
1048;;
1047;;
1046;;
1045;;
1044;;
1043;;
1042;;
1041;;
1040;;
1039;;
1038;;
1037;;
1036;;
1035;;
1034;;
1033;;
1032;;
1031;;
1030;;
1029;;
1028;;
1027;;
1027;;
1026;;
1025;;
1024;;
1023;;
1022;;
1021;;
1021;;
1019;;
1018;;
1018;;
1017;;
1016;;
1015;;
1014;;
1013;;
1012;;
1011;;
1010;;
1009;;
1008;;
1007;;
1007;;
1006;;
1005;;
1004;;
1003;;
1002;;
1001;;
1000;;
