2701
2695
2695
2692
2691
2687
2684
2681
2677
2674
2671
2668
2665
2661
2656
2653
2649
2645
2646
2639
2636
2633
2630
2626
2623
2619
2617
2612
2609
2606
2602
2599
2595
2593
2589
2587
2582
2581
2576
2573
2570
2568
2564
2561
2556
2554
2552
2549
2546
2540
2536
2532
2531
2527
2524
2521
2518
2516
2513
2509
2505
2501
2496
2494
2490
2486
2485
2482
2479
2475
2474
2472
2469
2464
2460
2455
2453
2451
2448
2445
2441
2437
2433
2429
2427
2424
2420
2417
2415
2412
2410
2406
2403
2400
2397
2395
2392
2389
2386
2383
2380
2378
2374
2371
2366
2365
2369
2358
2357
2354
2351
2349
2346
2341
2348
2333
2332
2331
2328
2325
2322
2320
2317
2314
2312
2309
2307
2304
2301
2299
2296
2293
2290
2289
2288
2284
2281
2278
2276
2274
2269
2265
2262
2259
2256
2252
2250
2247
2244
2244
2240
2238
2236
2232
2230
2226
2224
2221
2219
2215
2213
2210
2207
2204
2201
2198
2195
2192
2191
2188
2187
2185
2182
2178
2177
2173
2170
2167
2165
2162
2159
2156
2154
2151
2148
2146
2143
2140
2137
2135
2133
2131
2127
2125
2122
2119
2117
2115
2114
2112
2109
2107
2104
2100
2097
2094
2092
2090
2090
2088
2086
2083
2080
2078
2075
2072
2068
2065
2063
2061
2060
2058
2055
2055
2051
2048
2047
2044
2041
2039
2037
2035
2032
2027
2027
2022
2020
2018
2017
2014
2012
2009
2006
2004
2002
1999
1997
1997
1995
1992
1988
1987
1985
1982
1980
1977
1975
1972
1971
1968
1966
1965
1961
1960
1957
1955
1954
1951
1949
1949
1944
1942
1940
1939
1935
1933
1932
1930
1927
1924
1923
1921
1919
1917
1915
1913
1911
1909
1906
1904
1901
1900
1898
1895
1893
1891
1889
1887
1885
1885
1881
1878
1877
1875
1872
1870
1867
1866
1864
1862
1860
1858
1855
1854
1851
1850
1848
1845
1843
1841
1839
1837
1835
1833
1831
1830
1826
1825
1823
1822
1820
1817
1814
1813
1811
1810
1808
1806
1804
1801
1800
1797
1795
1794
1792
1790
1789
1787
1785
1783
1781
1780
1777
1776
1774
1772
1770
1767
1765
1763
1761
1760
1757
1755
1754
1752
1750
1749
1747
1744
1743
1741
1740
1738
1736
1734
1733
1731
1728
1726
1724
1723
1721
1720
1717
1717
1715
1713
1710
1709
1708
1706
1704
1702
1700
1699
1697
1694
1692
1691
1690
1689
1685
1684
1682
1680
1679
1677
1675
1674
1673
1671
1669
1667
1665
1663
1662
1660
1658
1655
1655
1653
1651
1650
1648
1646
1645
1643
1642
1640
1638
1636
1635
1633
1631
1630
1629
1627
1625
1624
1623
1621
1618
1617
1615
1614
1612
1611
1608
1607
1606
1603
1602
1600
1599
1597
1595
1593
1592
1590
1589
1587
1586
1584
1583
1581
1579
1578
1577
1575
1573
1572
1570
1568
1567
1565
1564
1563
1561
1560
1558
1556
1555
1553
1552
1550
1549
1547
1545
1544
1543
1541
1540
1539
1537
1535
1534
1532
1530
1529
1527
1526
1525
1523
1522
1520
1518
1517
1515
1514
1512
1511
1509
1508
1507
1505
1504
1502
1501
1499
1498
1497
1495
1494
1492
1491
1490
1488
1486
1485
1483
1482
1480
1479
1477
1476
1475
1473
1472
1471
1469
1467
1465
1464
1463
1461
1460
1458
1457
1455
1454
1453
1451
1450
1448
1447
1446
1445
1443
1442
1440
1439
1438
1435
1435
1433
1432
1431
1430
1428
1426
1425
1424
1423
1421
1419
1418
1417
1416
1414
1412
1411
1410
1409
1407
1406
1405
1404
1402
1401
1399
1398
1397
1396
1394
1393
1392
1390
1389
1387
1386
1385
1384
1382
1381
1380
1378
1377
1376
1375
1373
1372
1371
1369
1368
1367
1365
1364
1363
1361
1360
1359
1358
1356
1355
1354
1353
1351
1350
1348
1347
1346
1345
1344
1342
1341
1340
1339
1338
1336
1335
1334
1333
1331
1330
1329
1327
1326
1325
1324
1322
1321
1320
1319
1318
1316
1314
1313
1312
1311
1310
1309
1308
1307
1305
1304
1303
1301
1300
1299
1298
1297
1296
1295
1294
1292
1291
1290
1289
1288
1286
1285
1284
1283
1281
1280
1279
1278
1277
1276
1274
1273
1272
1271
1270
1269
1268
1266
1265
1264
1263
1262
1261
1260
1259
1257
1256
1255
1254
1253
1252
1251
1250
1248
1247
1246
1245
1244
1242
1242
1241
1240
1238
1237
1236
1235
1233
1232
1232
1230
1230
1228
1227
1226
1225
1225
1223
1222
1221
1220
1219
1217
1216
1215
1214
1213
1212
1211
1210
1209
1208
1207
1206
1205
1204
1203
1202
1201
1200
1197
1196
1195
1194
1193
1192
1191
1190
1189
1187
1186
1185
1185
1183
1182
1181
1180
1179
1178
1177
1176
1176
1174
1173
1172
1171
1170
1169
1168
1167
1166
1165
1164
1163
1162
1161
1160
1159
1157
1156
1156
1155
1154
1153
1152
1151
1150
1149
1148
1146
1145
1144
1144
1143
1142
1141
1140
1139
1138
1137
1136
1135
1134
1133
1132
1131
1130
1130
1128
1128
1126
1125
1124
1123
1122
1121
1120
1120
1119
1118
1117
1116
1115
1114
1113
1112
1111
1110
1109
1108
1108
1107
1105
1105
1104
1103
1102
1100
1100
1099
1098
1097
1096
1095
1094
1093
1092
1091
1090
1089
1088
1088
1087
1086
1085
1084
1083
1082
1081
1080
1079
1079
1078
1077
1076
1075
1074
1074
1073
1072
1071
1070
1069
1068
1067
1066
1065
1064
1063
1063
1062
1061
1060
1059
1059
1058
1057
1056
1055
1054
1053
1052
1052
1051
1050
1049
1048
1047
1047
1046
1045
1044
1043
1042
1041
1041
1040
1039
1038
1037
1036
1036
1035
1034
1033
1032
1032
1031
1030
1029
1028
1027
1026
1025
1024
1024
1023
1022
1021
1020
1020
1019
1018
1017
1017
1015
1014
1014
1013
1012
1011
1010
1010
1009
1008
1007
1007
1006
1005
1004
1003
1002
1001
1000
